72639942
71839289
63037381
74154595
70666640
73454617
75007304
78197286
75845218
75830865
73070215
77427673
75124568
74247870
71567716
71572057
72242776
71797042
74240181
75203768
74451315
76650278
72246218
74039414
77082694
74569738
70815945
71617281
72370885
74466031
77383437
75377859
74610322
75958521
74924473
78115092
76020112
75915149
74527858
76222439
74692047
73070201
76546294
71006961
74662826
74577487
75762856
74578794
71513792
71508100
75015826
75451310
76027577
71873050
75092186
74062130
77048083
73809264
77536294
72378015
74631946
77417860
74492751
78376053
75185782
72292664
71887946
44037090
74577414
75165304
74569745
74500691
71113417
77532151
72045727
76584807
76749468
70915353
75000794
77160953
73518255
75342744
72045699
76743842
74470610
47281626
70792940
70395551
72513054
70069302
76593522
77048046
74455991
76176298
71007015
77044209
70420871
76443031
73472979
73490042
74577496
70172642
72329550
75000845
74492754
72378065
71910899
72088471
70494674
72654056
74613715
75000901
75165347
72225974
72709506
71508046
73688861
78631842
71756635
45903631
74812803
70772237
76616287
72882455
76929354
71601661
71843621
74471101
71876318
74224472
74570475
72244065
74756314
72158597
61390968
76755694
73619724
76443037
71529384
71571937
70494213
72258595
75235415
74943884
74634995
74548678
75377870
63293197
77493447
71630691
71647880
77170499
72078956
76762167
75959021
76738257
73756118
62097488
70940526
70579238
70786833
74023807
70403037
70977503
75448519
71578538
70906613
73240130
74543708
75000732
70669811
72427277
74646475
70663730
77469667
77664173
75849473
76650889
76796916
73576712
77097414
71511706
76650699
70677308
73569388
74527362
71265439
75949541
73664209
75936666
74718812
73250545
70655404
72445176
72014821
75654384
76138361
76620771
60304062
71596630
74965933
72245579
74725810
77129011
76482027
74572777
71871564
74377080
77658919
47380358
70403447
75676554
73435267
74054892
74304584
76372171
77806629
76193765
71000629
77270616
75196107
74470530
73506897
73227705
75959316
73516288
75015983
76428625
70293780
75859828
77705807
75972111
74023983
74646484
75376555
70515100
71881541
75013436
72390061
74578894
71863593
77039968
77039967
75474628
77678150
75944543
72616843
74582858
72671888
61752884
70926778
72378004
71576160
76956431
73474380
73455733
76454252
75000892
77204886
72075640
71200790
70684784
71885365
77536295
74973539
75006933
72290688
74577518
74841687
74934405
62326434
71876640
74566726
70492523
76650407
71612009
77167003
73984231
73621300
71511796
76138352
72268701
74741717
76221483
73817808
70148243
71055690
76973947
77021912
71572020
70686852
76743843
60468568
72879786
71749395
76329048
70420557
74652135
70835461
74641783
72809951
76152609
74581247
76244097
77030519
76970110
76647319
72212602
73505581
74448925
74707891
71636835
75850749
73974838
71891993
71842172
71571959
72097135
75000896
74778914
75000898
75852385
71859303
73889924
73311907
75945945
75852166
70667897
70667896
74301459
73860904
74561282
70378769
75959325
70668422
74420431
77808954
75867482
72727263
77200925
76614073
74640470
73188561
71511677
74653003
74570609
70543919
75868892
71740240
74415535
72027166
73588450
74736343
70562326
72975815
75000629
76546244
76372264
71511540
72553389
72265696
76740037
77353366
76450608
76213893
70419969
71827776
79053307
75507095
74498643
71212719
71026035
75025072
74161714
75258518
75467104
71032321
71549857
75954321
75373906
75000633
76327661
70684735
76301509
77284245
74691093
73439625
76031404
71813048
75476532
74580103
73456245
70087834
74708112
74160850
73380539
73064530
71859216
75260290
72037054
70815643
73130311
74965744
70669145
77707191
74995058
74133032
74253066
77683690
75849643
76292024
74951890
75859820
76620993
71588705
77291343
73965554
76926052
70812232
75000691
74581497
74572807
78887201
78107540
62256271
73302195
71517725
73979164
74501099
71884824
74692142
76022997
74569309
75352940
72045815
75902555
76232297
77574945
77079224
71846480
74090507
72952644
74298991
77336081
75609981
75951054
75380145
77476560
75000804
71614602
75830761
75352932
75972113
72242860
73233171
75094694
71000633
75835858
71789531
75154654
74577505
75555841
75661340
75000647
71572054
74578853
73518277
76638604
77346301
74572763
77156673
73582384
74570555
70667945
74412137
76584819
74630040
45355776
75859544
74998294
71840237
77383365
77390627
74578800
73458072
74577379
75060374
73516220
75510317
70419992
71571872
71876581
75469517
71511501
75867675
63037370
76862429
74074102
76528767
75951079
72727258
70833907
71511634
76082512
76014898
72155177
71498947
71614391
71946009
71945988
71856054
71621400
74589359
72308140
73070211
74652451
76958100
75951582
75622029
70419954
76991273
44120901
77154487
73330855
70396284
74562797
74869330
71690685
75476984
71863334
74973516
74056322
71617286
74387883
70587969
73188356
71572038
75210718
70669113
71647811
76383861
75522108
74442243
74985305
73498776
72047519
73792834
71794503
71855589
73068553
75949670
77424847
70193809
71807182
75476795
71737912
60581082
76443034
74250438
75690146
60283585
71841274
75444166
91500811
73966406
73498748
71823463
74909660
71515890
74482843
76841824
70379088
71592255
71821677
76700607
77794251
74133021
75931848
77383648
71554850
70669122
74688048
74651180
71881549
77051973
74942942
72893363
73480363
77528375
71588840
70419882
71572000
70239623
74582878
74578828
71853695
75308722
73067714
77818097
76573977
71823486
71707690
71614674
74926831
75849642
71717968
72092281
73454847
74457616
71843717
73796251
76253790
76650374
74978033
74961205
76354551
71861501
76531499
74762467
75195279
72911630
74754031
71859270
74570469
76637933
77506371
74962610
75965191
71511761
75397821
44057301
75826138
74880848
71836940
74059796
74450333
72100924
71032304
74375024
76919054
76919482
71881792
71625834
72967480
77910754
70218763
72409054
72404697
77497141
71265440
72414426
73664210
70919110
60143285
74546096
75825382
75360814
75094598
71571978
73456162
74707771
73698681
73455729
76434687
75000861
71534805
70522953
76575531
76580632
71114784
70783852
74577365
76053041
75857560
60413859
73651025
73990019
73521329
73790156
74492755
74573104
74448918
75000797
72439045
74527340
71836979
63269319
77566163
74886458
73695780
71571795
74937131
75949582
76516015
70396390
72695333
74984408
73804865
75367488
75196596
48034188
72047033
62403871
75365300
71556818
76926026
71647865
72655905
74995076
71310516
73456256
71861516
71846230
74056320
72003443
74697884
72515351
74951884
75859813
71566135
74582877
77576631
73636627
71867037
77414281
73011158
75165646
74973544
75627244
72249294
74383275
74692568
76412123
75210749
70379113
76654207
77533939
75403945
74225661
71855757
74494521
76042215
75260156
47456954
73010681
76365980
70428539
75329743
77701139
74387958
75260376
74470520
75094837
70792962
73174965
71657903
76722382
76349180
72350490
74247866
76219412
71913933
75000726
74544638
76651541
72412473
71626630
76690871
74626234
71094494
74973529
73689951
74234941
74712048
75931819
74612106
71527298
72742499
76515925
77334315
60212213
76528643
74687822
76130098
74700250
71612078
74555612
71957231
72816290
70825406
76638523
76443030
75869197
71628572
77015472
74822117
76619753
75000771
77220862
75931763
76274487
76274488
77696682
76349672
71588730
75006800
71884872
76292070
72715061
76209975
74579782
73354144
77160999
72093138
72511106
76634982
74222463
70906605
72260047
73867884
74658407
74443289
71881553
70660009
75849555
71596615
74494821
72045724
74457639
72756924
71823438
74570585
73454631
72051724
73376835
76651818
75621095
79216899
74977766
76573980
71000586
76672753
74593306
77163163
72687498
76140494
77335971
70811539
76531422
70773531
74572096
73349616
70936849
75211609
75211611
75211614
47030719
74772622
70423908
70396225
71846430
71881827